8.400000000000000000e+01
3.000000000000000000e+02
1.390000000000000000e+02
3.400000000000000000e+02
5.500000000000000000e+02
7.500000000000000000e+02
1.000000000000000000e+01
5.000000000000000000e+00
0.000000000000000000e+00
0.000000000000000000e+00
1.000000000000000000e+00
0.000000000000000000e+00
0.000000000000000000e+00
0.000000000000000000e+00
9.995321999999999534e+05
0.000000000000000000e+00
0.000000000000000000e+00
0.000000000000000000e+00
2.540000000000000000e+02
1.000000000000000000e+00
0.000000000000000000e+00
0.000000000000000000e+00
5.540000000000000000e+02
1.500000000000000000e+04
-1.000000000000000000e+02
9.840000000000000000e+02
10800